                              coverage  min_roll_cov  frac_win_below  singleton   both  empty  singleton_acc
kind          alpha method                                                                                  
ELEC2         0.1   aci          0.900         0.876           0.000      0.710  0.290  0.000          0.859
                    aci_h0       0.900         0.875           0.000      0.713  0.287  0.000          0.860
                    rolling      0.898         0.823           0.024      0.714  0.286  0.000          0.857
                    split        0.849         0.671           0.445      0.832  0.168  0.000          0.818
                    weighted     0.902         0.865           0.000      0.709  0.291  0.000          0.861
              0.2   aci          0.800         0.755           0.000      0.886  0.082  0.033          0.811
                    aci_h0       0.800         0.756           0.000      0.887  0.080  0.033          0.811
                    rolling      0.796         0.692           0.106      0.908  0.068  0.024          0.802
                    split        0.764         0.589           0.386      0.975  0.000  0.025          0.783
                    weighted     0.800         0.732           0.011      0.902  0.074  0.024          0.805
abrupt_regime 0.1   aci          0.900         0.871           0.000      0.358  0.642  0.000          0.717
                    aci_h0       0.900         0.871           0.000      0.358  0.642  0.000          0.717
                    rolling      0.897         0.836           0.018      0.365  0.635  0.000          0.716
                    split        0.845         0.764           0.554      0.486  0.514  0.000          0.679
                    weighted     0.899         0.846           0.009      0.361  0.639  0.000          0.716
              0.2   aci          0.800         0.756           0.000      0.597  0.403  0.000          0.663
                    aci_h0       0.800         0.756           0.001      0.598  0.402  0.000          0.663
                    rolling      0.796         0.711           0.033      0.606  0.394  0.000          0.662
                    split        0.733         0.638           0.600      0.740  0.260  0.000          0.638
                    weighted     0.798         0.728           0.022      0.602  0.398  0.000          0.663
ar_stationary 0.1   aci          0.900         0.872           0.000      0.484  0.516  0.000          0.793
                    aci_h0       0.900         0.875           0.000      0.485  0.515  0.000          0.794
                    rolling      0.900         0.861           0.000      0.486  0.514  0.000          0.794
                    split        0.900         0.859           0.000      0.486  0.514  0.000          0.795
                    weighted     0.901         0.869           0.000      0.482  0.518  0.000          0.795
              0.2   aci          0.800         0.764           0.000      0.742  0.258  0.000          0.730
                    aci_h0       0.800         0.766           0.000      0.742  0.258  0.000          0.731
                    rolling      0.800         0.752           0.000      0.743  0.257  0.000          0.730
                    split        0.801         0.754           0.002      0.740  0.260  0.000          0.731
                    weighted     0.801         0.760           0.000      0.741  0.259  0.000          0.731
gradual_drift 0.2   aci          0.800         0.764           0.000      0.582  0.418  0.000          0.653
                    aci_h0       0.800         0.765           0.000      0.582  0.418  0.000          0.654
                    rolling      0.797         0.746           0.006      0.589  0.411  0.000          0.652
                    split        0.726         0.645           0.690      0.740  0.260  0.000          0.629
                    weighted     0.798         0.754           0.000      0.587  0.413  0.000          0.653
iid_control   0.2   aci          0.800         0.765           0.000      0.746  0.254  0.000          0.732
                    aci_h0       0.800         0.768           0.000      0.746  0.254  0.000          0.732
                    rolling      0.800         0.752           0.002      0.747  0.253  0.000          0.732
                    split        0.796         0.746           0.021      0.757  0.243  0.000          0.731
                    weighted     0.802         0.760           0.000      0.744  0.256  0.000          0.733
vol_jump      0.2   aci          0.800         0.755           0.001      0.614  0.386  0.000          0.674
                    aci_h0       0.800         0.751           0.003      0.614  0.386  0.000          0.674
                    rolling      0.795         0.703           0.050      0.625  0.375  0.000          0.672
                    split        0.723         0.630           0.653      0.779  0.221  0.000          0.645
                    weighted     0.797         0.718           0.035      0.622  0.378  0.000          0.673
                        coverage  min_roll_cov  frac_win_below  width
kind           method                                                
reg_stationary aci         0.800         0.766           0.000  1.387
               rolling     0.800         0.756           0.000  1.385
               split       0.798         0.751           0.022  1.379
reg_vol_jump   aci         0.800         0.732           0.013  3.010
               rolling     0.793         0.581           0.049  2.950
               split       0.512         0.301           0.669  1.379
reg_vol_ramp   aci         0.800         0.765           0.000  3.171
               rolling     0.792         0.743           0.006  3.120
               split       0.452         0.307           0.973  1.379
                                                    coverage  width
mode                                                               
covariate_shift(train/cal MedInc<=P60, test Med...     0.498  0.817
random_split(exchangeable)                             0.799  0.950
