                              ece  brier  ece_chunk_worst    fcr  turnover  turnover_raw  slope_sd
scenario      method                                                                              
ELEC2_HGB_h1  expand_platt  0.050  0.152            0.136  0.087     0.227         0.208     0.178
              leak_block    0.015  0.134            0.025  0.051     0.246         0.208     0.192
              leak_global   0.013  0.148            0.069  0.054     0.256         0.208     0.000
              sgd           0.022  0.138            0.047  0.054     0.250         0.208     0.205
              static_iso    0.128  0.174            0.236  0.154     0.190         0.208       NaN
              static_platt  0.118  0.171            0.225  0.134     0.199         0.208     0.000
              window_iso    0.010  0.142            0.046  0.064     0.242         0.208       NaN
              window_platt  0.017  0.141            0.044  0.055     0.260         0.208     0.130
ELEC2_HGB_h48 expand_platt  0.050  0.152            0.136  0.088     0.227         0.208     0.178
              leak_block    0.015  0.134            0.025  0.051     0.246         0.208     0.192
              leak_global   0.013  0.148            0.069  0.054     0.256         0.208     0.000
              sgd           0.020  0.145            0.038  0.058     0.259         0.208     0.206
              static_iso    0.128  0.174            0.236  0.154     0.190         0.208       NaN
              static_platt  0.118  0.171            0.225  0.134     0.199         0.208     0.000
              window_iso    0.010  0.142            0.043  0.064     0.245         0.208       NaN
              window_platt  0.017  0.141            0.045  0.055     0.261         0.208     0.130
ELEC2_LR_h1   expand_platt  0.026  0.161            0.133  0.050     0.155         0.141     0.090
              leak_block    0.021  0.133            0.034  0.041     0.174         0.141     1.486
              leak_global   0.020  0.153            0.063  0.035     0.172         0.141     0.000
              sgd           0.031  0.141            0.047  0.039     0.179         0.141     0.556
              static_iso    0.093  0.182            0.233  0.114     0.126         0.141       NaN
              static_platt  0.071  0.175            0.214  0.080     0.135         0.141     0.000
              window_iso    0.014  0.145            0.044  0.061     0.169         0.141       NaN
              window_platt  0.024  0.146            0.057  0.043     0.181         0.141     0.782
ELEC2_LR_h48  expand_platt  0.026  0.161            0.133  0.050     0.155         0.141     0.090
              leak_block    0.021  0.133            0.034  0.041     0.174         0.141     1.486
              leak_global   0.020  0.153            0.063  0.035     0.172         0.141     0.000
              sgd           0.022  0.146            0.053  0.041     0.183         0.141     0.556
              static_iso    0.093  0.182            0.233  0.114     0.126         0.141       NaN
              static_platt  0.071  0.175            0.214  0.080     0.135         0.141     0.000
              window_iso    0.018  0.146            0.044  0.061     0.169         0.141       NaN
              window_platt  0.024  0.146            0.056  0.043     0.182         0.141     0.778
abrupt_regime expand_platt  0.139  0.256            0.218  0.094     0.480         0.449     0.183
              leak_block    0.013  0.221            0.048  0.013     0.391         0.449     0.203
              leak_global   0.013  0.233            0.119  0.006     0.319         0.449     0.000
              sgd           0.026  0.227            0.064  0.019     0.395         0.449     0.231
              static_iso    0.222  0.298            0.300  0.230     0.456         0.449       NaN
              static_platt  0.214  0.293            0.293  0.198     0.448         0.449     0.000
              window_iso    0.026  0.229            0.117  0.021     0.343         0.449       NaN
              window_platt  0.017  0.225            0.104  0.015     0.401         0.449     0.188
gradual_drift expand_platt  0.140  0.259            0.183  0.090     0.479         0.449     0.181
              leak_block    0.014  0.227            0.047  0.009     0.372         0.449     0.144
              leak_global   0.013  0.235            0.091  0.005     0.307         0.449     0.000
              sgd           0.026  0.233            0.066  0.015     0.372         0.449     0.183
              static_iso    0.231  0.306            0.297  0.239     0.456         0.449       NaN
              static_platt  0.224  0.301            0.290  0.207     0.448         0.449     0.000
              window_iso    0.026  0.234            0.063  0.017     0.336         0.449       NaN
              window_platt  0.016  0.230            0.055  0.011     0.380         0.449     0.138
stationary    expand_platt  0.068  0.206            0.115  0.075     0.474         0.449     0.105
              leak_block    0.012  0.199            0.046  0.026     0.489         0.449     0.079
              leak_global   0.013  0.201            0.049  0.027     0.498         0.449     0.000
              sgd           0.013  0.202            0.047  0.031     0.489         0.449     0.112
              static_iso    0.125  0.221            0.152  0.146     0.456         0.449       NaN
              static_platt  0.117  0.217            0.146  0.119     0.448         0.449     0.000
              window_iso    0.020  0.203            0.052  0.035     0.485         0.449       NaN
              window_platt  0.013  0.201            0.048  0.027     0.496         0.449     0.039
vol_jump      expand_platt  0.128  0.247            0.204  0.110     0.471         0.434     0.195
              leak_block    0.014  0.223            0.049  0.010     0.407         0.434     0.169
              leak_global   0.018  0.230            0.110  0.006     0.449         0.434     0.000
              sgd           0.025  0.230            0.067  0.019     0.392         0.434     0.197
              static_iso    0.209  0.282            0.277  0.225     0.442         0.434       NaN
              static_platt  0.205  0.279            0.275  0.199     0.434         0.434     0.000
              window_iso    0.025  0.228            0.098  0.021     0.422         0.434       NaN
              window_platt  0.016  0.226            0.091  0.014     0.425         0.434     0.158
pit_ok all safe methods: True
